Phi = burg
alpha = 0.01

Current Objective Tolerance = 6.002937542989207e-07
Current Probability Tolerance = 1.1190607595579216e-05
Iteratoins = 29
Time (seconds) = 23412.483922937474

ObjectiveValue = 403556177.7016765
Lower Bound = 403555935.4495689
Upper Bound = 403556177.7016765

X = [ 4013.52433742  1911.23644416   175.54432      624.52498153
   158.54849422     0.          3051.41333324  7899.89975586
  2239.24968944  5983.44831867  6415.57421222  6351.4184701
  2809.66718122  6480.37799214  3020.89919991     0.
     0.             0.             0.             0.
     0.             0.             0.             0.
     0.             0.             0.          2246.22358232
     0.             0.             0.             0.
     0.             0.             0.          5291.8840135
  1875.           963.0476578   1253.9523422      0.
  5235.00361179   702.17728        0.          2498.09992613
   634.19397689     0.          4634.81209656   547.84147911
     0.          3429.62456582  1158.83940978     0.
  2761.13434327   634.19397689     0.          1320.15667095
  1413.36632889     0.           257.80003224  1049.155072
     0.           255.22203192     0.          1059.75259798
  1413.36632889     0.          1049.155072       0.
  1755.16370994   136.96036978  1447.9022204    289.70985244
  1274.87470397   158.54849422   908.78437471   353.34158222
   637.40776296   262.288768     631.03368533   264.93814949
   353.34158222   262.288768    5423.63200268  4790.42428392
  4302.03843352  3210.06485458  2621.10777474  1262.77013709
   247.56537096  2969.8524227   2378.46895466  1017.68041984
     0.             0.             0.             0.
  4296.0252437      0.           761.43478731     0.
  4527.60779201  2205.6900694    175.98189382   736.85151708
   183.05148994     0.          3510.44653933  8911.78044124
  2526.07022901  6749.8549786  10283.24782692 10180.41534865
  3159.2815008  10387.11901709  3475.34207394     0.
     0.             0.             0.             0.
     0.             0.             0.             0.
     0.             0.             0.             0.
     0.             0.             0.             0.
     0.             0.             0.          7662.90276318
  2172.07219876  1019.1212364   2829.13664801     0.
  8822.76027761   703.92757527     0.          2947.40606831
   732.20595976     0.          8165.00477375   569.52790109
     0.          6692.82550031  1390.5292257      0.
  5893.69128555   732.20595976     0.          4179.01474021
  1655.73963248     0.          2887.65414141  1249.57045139
     0.          2858.7776         0.          1262.19237515
  1655.73963248     0.          1249.57045139     0.
  2041.25119344   142.38197527  1673.20637508   347.63230642
  1473.42282139   183.05148994  1044.75368505   413.93490812
   721.91353535   312.39261285   714.6944       315.54809379
   413.93490812   312.39261285  8547.04336701  7943.67032222
  7465.88712946  6178.86240458  5523.86123597  3957.36746713
  2773.014272    3488.20942947  2806.02994798  1212.08333785
     0.             0.          1955.6869847      0.
  7387.29247651     0.           790.78086308     0.
  5135.22606149  2560.20481128   238.80414959   777.67548951
   230.05169464     0.          4047.5663424  10107.76756259
  2865.07627628  7655.70535032 11617.36260891 11501.18898282
  3879.56311828 11734.70970597  4007.09067897     0.
     0.             0.             0.             0.
     0.             0.             0.             0.
     0.             0.             0.             0.
     0.             0.             0.             0.
     0.             0.             0.          8644.42702801
  2450.28812214  1468.46250239  3208.81509924     0.
 10240.81924512   955.21659837     0.          3110.70195804
   920.20677857     0.          9334.06509013   804.34596254
     0.          7184.35296358  2056.37147565     0.
  6192.30265537   920.20677857     0.          4352.7606759
  1777.61895292     0.          3020.27684346  1288.95622568
     0.          2990.07407502     0.          1301.97598554
  1777.61895292     0.          1288.95622568     0.
  2333.51627253   201.08649063  1796.08824089   514.09286891
  1548.07566384   230.05169464  1088.19016897   444.40473823
   755.06921086   322.23905642   747.51851876   325.49399638
   444.40473823   322.23905642 10096.04916411  9262.11016535
  8567.57028453  6639.28278096  5804.72950076  4121.65567315
  2900.37185277  3825.05487259  2962.07504785  1250.28753891
     0.             0.          3825.76871232     0.
  8646.66693484     0.           830.89841602     0.        ]
Mu = 386641013.14592814
Lambda = 34719695.91785979
pWorst = [0.00359549 0.00054519 0.00046581 0.00134619 0.01223916 0.00245551
 0.00233723 0.00780216 0.00382306 0.0005821  0.00049795 0.00144087
 0.01538078 0.00344862 0.00347375 0.01268993 0.00347815 0.00052601
 0.00044908 0.00129678 0.01055342 0.0020014  0.00185822 0.00598075
 0.00365285 0.00055432 0.00047375 0.00136958 0.01293494 0.00265562
 0.0025552  0.00868005 0.00372519 0.00056611 0.00048402 0.00139981
 0.01371427 0.0028938  0.00282273 0.0097819  0.0038546  0.00058727
 0.00050244 0.00145411 0.01601642 0.00368902 0.00376446 0.0140684
 0.00381099 0.00057987 0.00049598 0.00143506 0.0150389  0.00332893
 0.00333024 0.01201363 0.00393265 0.00059984 0.00051337 0.00148625
 0.01746761 0.00424174 0.00446457 0.01774407 0.00352905 0.00053451
 0.00045654 0.00131889 0.01151106 0.00225717 0.00212545 0.00698399
 0.00352045 0.00053287 0.00045506 0.00131445 0.01117747 0.00216512
 0.00202782 0.00660593 0.00357241 0.00054133 0.00046246 0.00133633
 0.01188314 0.00235366 0.00222817 0.00737889 0.003591   0.0005443
 0.000465   0.00134373 0.01183608 0.00234298 0.00221589 0.00732191
 0.00373668 0.00056809 0.00048582 0.00140517 0.01429335 0.00308439
 0.0030438  0.0107393  0.00371413 0.00056447 0.00048264 0.00139581
 0.01400559 0.00298682 0.00293013 0.01025543 0.00375098 0.00057039
 0.00048776 0.00141088 0.01460044 0.00317957 0.00315091 0.01123053
 0.00395845 0.00060425 0.00051724 0.00149774 0.01765885 0.00433194
 0.00459166 0.01842705 0.00366165 0.00055577 0.00047501 0.00137331
 0.01318265 0.00273013 0.00263804 0.00902293 0.00378315 0.00057572
 0.0004924  0.00142455 0.01489927 0.00328713 0.00327945 0.01179628
 0.00380076 0.00057836 0.00049465 0.00143108 0.01490264 0.00327802
 0.00326597 0.01173426 0.00391761 0.00059738 0.00051124 0.00148006
 0.01687697 0.00400575 0.00416493 0.01613511 0.00357189 0.00054125
 0.00046236 0.00133601 0.01189201 0.00235808 0.00223278 0.00739325
 0.00368056 0.000559   0.00047782 0.00138154 0.01344916 0.00281461
 0.0027318  0.00940824 0.00364117 0.00055229 0.00047193 0.00136404
 0.01236363 0.00248856 0.00237259 0.00793375 0.00379143 0.00057671
 0.00049322 0.00142693 0.01482604 0.00324948 0.00323499 0.01159671
 0.00134481 0.00019585 0.0001655  0.00047275 0.0017933  0.00026681
 0.00022704 0.00065405 0.00137242 0.00019997 0.000169   0.0004828
 0.00184241 0.00027448 0.00023366 0.00067339 0.00132986 0.00019359
 0.00016356 0.00046714 0.00175657 0.000261   0.00022203 0.00063932
 0.00135191 0.0001969  0.00016638 0.0004753  0.00180597 0.00026877
 0.00022873 0.00065898 0.00136061 0.0001982  0.00016749 0.00047846
 0.00181811 0.00027066 0.00023036 0.00066375 0.00137583 0.0002005
 0.00016944 0.00048409 0.00185086 0.00027584 0.00023483 0.00067678
 0.00137108 0.00019975 0.0001688  0.00048223 0.00183828 0.00027378
 0.00023307 0.00067167 0.00138493 0.00020184 0.00017058 0.00048737
 0.0018674  0.00027835 0.00023699 0.00068309 0.00133651 0.00019463
 0.00016446 0.00046977 0.00177907 0.00026464 0.00022517 0.00064857
 0.00133549 0.00019444 0.00016429 0.00046926 0.00177201 0.00026347
 0.00022416 0.00064554 0.00134215 0.00019544 0.00016514 0.00047172
 0.00178629 0.00026566 0.00022605 0.00065115 0.00134475 0.00019582
 0.00016546 0.00047262 0.00178616 0.00026567 0.00022606 0.00065112
 0.00136254 0.0001985  0.00016775 0.00047924 0.00182801 0.00027228
 0.00023176 0.00066786 0.00135953 0.00019806 0.00016737 0.00047815
 0.0018231  0.00027148 0.00023107 0.00066586 0.0013639  0.00019871
 0.00016793 0.00047974 0.00183207 0.00027288 0.00023227 0.00066937
 0.00138773 0.00020226 0.00017094 0.00048838 0.00186867 0.00027857
 0.00023718 0.00068369 0.00135295 0.00019706 0.00016652 0.00047571
 0.00181008 0.00026941 0.00022929 0.00066064 0.00136766 0.00019928
 0.00016841 0.00048112 0.00183607 0.00027351 0.00023283 0.00067103
 0.00136954 0.00019955 0.00016863 0.00048175 0.00183588 0.00027342
 0.00023272 0.00067067 0.00138332 0.0002016  0.00017037 0.00048675
 0.00186075 0.00027731 0.0002361  0.00068055 0.00134176 0.00019539
 0.0001651  0.0004716  0.00178643 0.00026571 0.0002261  0.00065128
 0.00135543 0.00019745 0.00016686 0.00047666 0.00181498 0.00027021
 0.00022998 0.00066264 0.00135033 0.00019664 0.00016616 0.00047462
 0.00179516 0.00026701 0.00022721 0.00065451 0.00136866 0.00019939
 0.0001685  0.00048136 0.0018348  0.00027319 0.00023254 0.00067019]
